67 19 17
54 50 64 24 37 53 25 19 37 26 49 38 4 22 18 29 6 7 51
12 43 10 53 31 30 59 48 49 12 15 41 55
18 52 22 5 36 60 59 22 19 32 55 61 16 8 54 5 60 34 16
24 21 54 66 53 64 50 36 8 43 3 63 49 9 26 41 52 0 28 21 61 51 42 31 41
9 33 0 16 40 61 9 16 16 9
18 11 7 17 28 55 13 54 31 58 60 36 35 42 11 60 35 17 22
14 12 39 14 48 61 9 9 58 61 3 56 62 19 34
26 31 38 34 56 63 21 60 23 64 45 37 24 45 8 33 59 60 45 14 62 17 23 8 31 7 21
28 62 43 1 10 66 2 37 32 64 50 45 61 38 33 11 64 27 34 49 40 66 22 8 11 2 19 60 57
12 47 40 57 25 23 5 26 7 52 29 61 66
19 25 24 25 6 16 44 56 34 5 5 10 21 17 14 60 65 2 27 1
20 46 58 15 20 29 4 50 54 5 48 43 21 8 30 36 59 1 43 37 62
22 58 51 37 32 57 58 58 24 38 6 42 35 48 57 46 23 5 57 37 40 7 26
0
8 27 15 27 14 66 47 16 63
24 60 5 5 48 41 65 18 18 47 66 16 63 57 42 55 65 52 39 27 50 32 33 40 35
19 23 42 66 34 55 12 22 34 41 17 30 21 58 53 3 9 24 12 41
28 7 11 53 32 46 9 43 35 60 56 22 55 49 32 45 0 56 45 44 30 1 19 61 27 25 18 38 41
23 15 57 31 51 39 56 40 0 28 42 49 15 40 46 25 20 31 32 52 14 63 30 43
31 1 33 66 57 47 34 23 48 5 29 25 39 47 66 44 52 30 1 66 29 34 4 8 6 47 31 56 65 1 56 46
25 27 23 5 27 7 55 29 38 60 29 16 26 20 65 54 39 0 62 18 15 25 4 12 45 39
25 42 8 38 31 64 1 47 65 50 8 30 64 25 18 9 15 29 35 16 1 19 51 22 22 35
6 6 4 64 37 9 1
8 48 46 46 37 11 66 21 20
2 44 12
1 10
10 13 3 55 58 21 44 30 26 22 46
11 23 7 36 19 6 19 8 5 5 18 57
15 20 54 66 66 55 10 13 50 43 63 47 34 44 13 32
11 15 47 50 43 36 58 8 27 53 1 58
15 39 43 21 9 28 31 51 39 33 42 10 61 6 22 25
16 56 53 60 14 35 62 37 40 32 46 18 27 59 11 35 43
25 11 2 57 3 51 52 9 14 32 2 26 56 3 43 11 43 25 24 7 14 61 10 36 52 19
25 46 57 51 38 27 61 54 42 16 35 9 28 60 29 11 22 41 18 45 56 7 43 28 48 51
12 58 16 12 16 48 31 44 18 52 32 64 28
6 28 6 37 18 16 39
11 22 10 51 48 22 13 61 43 6 26 30
5 13 21 6 38 53
0
9 60 25 50 65 61 0 26 64 49
29 57 16 16 53 51 59 25 20 62 29 62 37 13 52 35 44 12 5 18 2 57 1 4 32 17 33 14 30 60
13 41 9 1 55 9 14 62 35 13 52 18 59 7
5 33 44 11 12 14
8 65 50 21 46 23 20 28 14
2 51 56
17 55 66 7 17 49 24 0 52 11 26 36 62 11 61 30 65 7
4 56 32 18 20
20 25 13 66 16 6 15 53 7 28 29 1 1 29 27 53 17 15 50 42 18
23 23 5 59 2 65 19 14 8 12 43 9 51 65 15 18 27 22 31 35 20 56 22 59
20 59 55 54 20 58 40 40 9 47 43 32 63 6 14 64 47 1 15 27 38
27 11 50 2 22 45 3 34 40 22 59 22 21 43 9 31 30 29 59 43 46 60 14 2 36 32 29 17
20 26 19 16 41 15 15 64 66 58 40 43 59 63 59 64 28 35 48 13 31
19 49 37 32 66 17 53 10 17 54 65 5 49 60 0 44 5 62 9 14
19 25 2 32 60 49 36 66 56 33 18 2 33 10 15 56 4 58 8 9
11 4 34 44 3 21 49 28 10 49 66 48
31 9 27 35 14 12 20 51 53 40 26 4 27 12 20 18 52 43 59 34 2 63 37 25 32 39 44 65 43 13 43 26
7 15 9 50 59 20 26 11
24 18 52 53 55 66 49 19 31 61 35 36 53 18 35 9 42 14 21 24 32 6 35 39 6
24 1 64 63 32 54 28 36 20 47 38 0 16 63 31 46 38 51 65 53 34 37 64 29 25
21 19 36 32 47 30 60 53 54 60 61 40 43 49 24 7 7 9 56 50 6 65
23 4 27 38 39 10 9 48 52 61 42 4 4 16 0 24 60 17 54 4 39 40 21 65
2 59 25
23 59 65 16 29 46 51 39 9 8 22 15 4 17 4 53 42 50 26 7 27 65 38 33
29 34 9 36 25 32 12 10 8 5 4 18 15 7 44 47 15 52 29 49 59 37 51 33 37 50 10 32 6 1
31 38 36 31 26 66 28 16 61 47 56 36 0 34 36 14 33 14 1 55 38 43 54 3 0 59 2 56 51 10 15 46
17 44 29 41 42 33 56 65 43 63 33 33 44 38 45 51 59 36
5 0 15 57 28 60
30 10 38 27 32 44 65 6 63 34 10 54 47 12 26 43 42 44 46 31 10 56 30 46 45 11 62 16 31 25 9
