76 9 13
52 16 74 46 8 51 2 45 17
9 25 48 35 70 53 74 60 20 9
22 5 63 21 35 40 14 62 69 66 44 42 28 72 72 59 69 44 54 61 62 28 2
23 11 60 73 60 68 43 49 71 57 7 52 74 6 15 18 70 68 60 16 5 68 71 45
23 6 72 23 64 50 49 6 0 5 7 53 75 60 30 72 24 5 72 71 17 7 74 2
16 66 52 52 60 22 52 63 66 66 51 60 9 41 52 62 35
18 51 19 2 19 24 48 11 59 56 1 32 3 71 4 0 73 64 34
24 53 69 0 27 58 46 60 37 5 48 27 31 1 19 37 55 52 45 29 3 46 51 9 75
8 25 49 13 18 34 27 24 47
15 37 28 64 68 20 20 4 18 13 45 41 13 46 73 31
13 52 39 46 18 71 10 31 28 22 21 29 60 22
5 34 36 39 31 63
18 6 41 46 43 56 17 61 7 40 2 52 45 44 7 58 49 18 65
13 1 25 57 36 4 63 52 57 4 69 29 56 51
8 17 24 20 18 2 62 50 62
12 21 15 45 13 68 67 1 30 17 16 47 34
14 1 72 5 0 24 54 28 53 16 26 75 35 6 59
19 7 39 13 34 53 8 48 58 58 40 67 14 48 42 25 64 47 38 43
22 30 56 14 3 59 2 67 46 12 62 26 49 23 31 50 43 49 46 5 11 28 54
12 38 49 25 55 2 45 40 0 16 5 7 20
19 45 16 28 43 34 66 33 21 46 13 70 14 47 21 30 63 33 41 46
6 4 61 11 24 47 74
22 33 60 66 26 10 31 41 36 27 74 8 52 36 15 26 57 12 38 19 9 69 33
2 53 1
0
23 65 34 16 18 5 4 46 40 0 42 3 47 39 36 2 6 17 45 52 30 7 3 19
11 37 44 12 12 46 53 26 26 6 22 37
9 71 49 30 0 1 54 57 32 61
2 54 29
2 60 67
22 75 31 24 27 74 8 34 53 35 26 30 7 27 26 11 70 30 24 41 45 33 9
0
14 74 60 47 10 59 22 50 70 19 59 40 68 35 0
21 48 23 46 34 50 8 61 71 18 54 30 51 68 41 45 55 59 62 31 57 68
12 15 71 2 7 11 2 56 67 38 10 71 11
13 21 5 9 29 65 19 7 30 18 54 21 17 42
19 49 53 57 16 44 52 46 74 33 27 28 8 30 32 17 15 42 65 43
24 8 15 16 6 70 64 54 27 60 19 33 21 15 56 48 29 44 30 25 18 45 0 27 4
5 38 41 38 2 30
1 48
5 55 21 50 50 8
16 32 72 49 75 58 26 36 30 42 72 68 15 54 18 28 52
13 45 1 72 46 5 17 30 33 17 22 36 39 47
20 25 15 22 2 22 71 70 4 74 30 33 18 9 57 62 54 6 7 44 43
22 15 73 60 55 69 23 39 10 27 9 48 8 33 59 38 57 37 62 47 5 10 10
14 30 63 69 36 12 23 48 69 31 12 72 62 47 50
12 9 53 69 71 27 70 24 24 17 28 26 14
2 22 6
24 39 3 52 36 35 75 46 30 42 67 5 72 75 30 10 41 52 39 62 34 6 28 75 38
17 15 24 27 51 46 44 22 11 32 11 51 74 69 11 57 17 19
16 21 37 35 23 21 68 36 15 3 26 8 34 62 25 21 14
2 44 53
1 30
0
21 73 59 35 46 47 10 24 47 14 50 12 27 74 5 15 44 40 28 20 74 33
3 63 33 71
5 54 74 10 28 8
16 64 64 73 13 27 68 15 23 68 75 61 35 58 55 46 26
19 23 19 19 46 38 44 62 32 74 32 56 44 60 1 73 18 17 48 7
8 71 18 16 25 26 14 22 16
23 40 3 73 51 34 17 56 0 73 34 20 27 10 20 23 24 3 51 70 54 62 23 64
19 1 57 41 51 21 21 1 17 23 70 68 34 44 24 40 75 28 47 7
8 0 41 74 46 22 26 21 24
5 64 74 28 12 20
20 75 66 39 45 0 13 69 0 44 73 69 43 60 5 2 10 46 58 73 29
20 32 10 51 9 55 7 70 74 21 16 44 2 43 30 44 62 26 15 4 1
1 8
8 47 51 49 48 68 28 13 0
16 73 6 41 27 59 27 71 10 57 61 18 16 65 14 68 56
11 27 29 71 67 1 71 32 66 60 7 43
8 20 34 57 3 3 3 57 57
9 23 41 49 52 16 26 63 60 73
13 59 6 61 4 54 29 22 33 12 15 70 59 6
12 65 71 56 6 66 3 16 34 10 49 13 55
3 11 65 37
3 0 15 29
12 39 26 27 29 2 72 74 41 66 35 20 18
