95 13 18
8 62 87 89 91 36 71 86 62 38 86 30 54
22 91 13 13 87 79 8 27 10 74 19 26 25 29 56 56 20 82 25 65 94 82 38
17 92 66 30 60 42 50 2 37 38 66 24 67 94 14 46 25 28
14 83 34 88 64 84 74 92 82 90 0 91 37 58 43
7 7 0 68 8 12 68 30
0
12 63 8 29 84 71 94 32 91 43 72 77 30
29 44 21 11 58 74 4 34 20 44 83 74 53 78 55 24 93 83 16 18 11 80 80 17 23 35 37 43 23 25
0
20 92 83 18 94 62 27 82 43 44 71 34 65 64 33 20 20 78 75 20 31
34 11 93 46 4 24 59 83 26 20 31 58 28 18 90 11 25 24 22 0 27 61 40 51 68 92 30 21 21 45 63 41 32 77 54
31 5 49 84 49 12 78 36 11 2 49 53 11 26 57 65 77 33 87 5 47 32 47 67 56 15 4 42 53 50 77 27
12 17 27 86 4 25 51 3 16 89 3 38 81
12 64 29 93 75 57 33 44 53 47 5 83 29
14 20 53 37 58 83 25 8 60 35 25 65 47 55 30
12 92 30 87 43 34 40 36 69 88 52 69 74
20 3 41 93 34 88 13 28 86 6 8 11 37 59 43 9 80 48 72 7 64
33 30 42 72 27 92 50 82 89 73 92 80 2 73 19 24 68 24 18 62 48 13 34 14 29 35 13 79 39 73 12 5 54 47
3 5 92 49
3 87 4 10
25 64 67 17 13 49 65 57 24 79 25 33 48 47 86 73 6 24 38 76 93 62 5 26 42 75
27 51 55 56 16 43 71 69 72 48 68 61 39 40 21 6 77 93 90 90 92 62 13 25 69 87 0 30
26 54 2 81 84 79 73 9 36 61 8 79 41 41 91 14 53 30 12 35 64 5 44 30 18 11 8
22 78 50 67 83 82 28 87 1 60 61 33 35 59 27 79 47 62 81 53 83 91 70
16 80 49 72 77 59 66 10 8 76 88 0 56 26 17 43 36
2 15 19
33 66 56 65 28 37 52 23 91 43 10 68 23 6 85 42 78 42 73 46 20 55 10 2 41 91 80 81 16 91 9 31 50 28
16 46 77 87 85 61 69 70 37 4 81 0 23 60 35 7 69
3 76 55 9
16 43 90 74 21 83 32 74 19 85 3 54 90 91 35 15 16
20 68 10 17 56 90 58 31 72 57 6 11 72 93 43 11 35 43 19 72 35
14 37 74 85 52 6 27 43 54 34 69 40 51 87 20
35 55 73 89 88 27 85 89 61 57 50 11 5 76 92 40 48 93 17 6 92 57 60 68 36 83 40 38 35 21 61 8 27 11 33 54
4 8 49 58 76
33 56 56 19 21 85 20 60 31 68 24 42 7 52 74 85 58 46 48 31 34 60 43 72 39 36 25 50 75 56 46 77 26 21
17 73 44 61 16 55 87 3 2 59 65 77 44 50 52 14 71 76
31 60 88 22 44 45 39 74 47 17 51 83 24 89 72 93 78 69 29 72 33 42 33 39 56 76 39 3 87 52 61 41
24 52 21 61 24 17 90 71 90 31 28 90 84 47 0 73 55 83 64 68 15 31 56 23 92
34 4 93 93 46 89 11 87 62 64 77 8 1 60 16 89 69 78 34 86 8 30 58 66 46 3 32 73 59 72 17 13 24 36 80
33 56 67 62 41 90 41 48 4 67 68 46 7 5 77 59 12 65 18 5 31 74 27 48 44 55 55 67 84 86 53 82 22 30
27 75 85 51 2 13 46 37 42 76 0 84 45 69 81 17 23 62 46 70 89 81 34 86 90 78 21 32
1 54
14 80 18 54 40 0 16 68 82 81 44 61 92 75 26
24 90 6 23 49 92 35 79 61 0 31 48 34 58 38 57 1 54 71 33 27 69 9 14 46
33 27 30 20 7 69 56 2 90 45 34 61 52 1 77 31 30 38 27 10 68 18 46 10 13 34 40 76 75 72 89 91 11 14
1 17
2 43 68
22 63 9 74 3 89 58 45 0 14 87 29 17 28 3 31 18 19 76 78 9 27 1
9 54 58 69 50 12 81 36 49 73
15 78 35 65 2 6 45 7 75 24 83 92 59 74 26 50
11 38 29 8 45 5 24 47 91 81 62 11
29 5 28 24 20 94 11 4 78 29 34 11 21 42 58 43 24 83 29 71 26 18 78 30 67 15 27 51 22 14
5 0 85 34 17 67
9 74 25 76 85 35 29 35 2 81
26 13 63 23 1 26 46 70 0 60 10 62 70 78 30 80 63 91 54 12 71 18 63 43 47 89 26
15 52 7 56 77 39 37 8 69 9 38 58 42 56 34 43
29 0 66 3 29 25 44 4 92 34 13 33 20 86 15 93 92 46 28 52 35 39 13 91 31 20 62 83 61 7
5 32 72 79 63 38
29 32 82 37 39 72 78 89 84 22 1 73 21 45 26 39 89 69 42 42 23 61 52 14 62 11 59 42 39 2
2 23 9
6 53 50 84 9 71 46
17 84 52 33 66 2 39 17 82 92 54 10 50 70 88 17 42 85
6 68 70 62 44 10 74
22 80 31 88 67 61 73 1 49 34 79 12 52 26 13 90 63 50 74 63 11 76 42
13 27 16 29 55 7 78 15 15 7 16 48 93 11
23 66 11 55 78 36 60 89 82 14 14 85 92 69 35 51 12 2 29 13 24 27 7 68
17 71 70 62 18 28 62 18 40 2 74 77 88 37 0 19 86 2
19 58 33 1 46 62 28 0 13 82 91 56 44 18 39 87 22 10 45 48
4 22 0 89 4
2 87 49
14 16 74 21 54 62 70 42 90 4 84 87 7 76 77
13 26 92 83 78 30 80 28 54 71 21 27 50 52
15 76 86 10 12 37 8 68 12 81 27 45 68 87 13 13
6 52 12 30 25 31 45
18 80 19 8 6 12 35 34 42 30 57 61 24 48 44 44 56 93 77
15 41 93 54 10 6 43 42 94 89 87 38 81 72 51 36
20 53 8 40 80 2 61 56 1 13 84 49 39 34 42 91 48 64 61 12 9
25 58 20 18 74 71 1 2 73 43 60 83 68 82 17 27 13 27 29 17 39 12 26 24 43 24
0
15 34 90 75 24 25 47 47 16 45 56 26 70 36 17 93
33 53 10 52 87 76 81 87 9 74 77 52 48 22 45 59 55 67 0 83 76 87 64 87 83 49 87 15 91 59 1 85 52 33
30 74 93 93 77 51 94 31 83 18 22 1 19 11 71 3 76 20 2 53 13 79 49 39 73 15 33 55 48 35 37
3 15 1 63
16 72 42 90 13 16 35 48 63 22 37 29 93 76 60 40 74
35 47 18 17 23 11 70 41 88 21 49 22 79 8 12 63 91 45 21 33 30 87 38 7 28 71 53 20 3 39 66 66 4 40 34 67
35 8 20 49 28 18 28 91 79 52 61 12 22 56 78 19 27 65 37 37 16 40 86 30 81 40 89 18 17 18 13 77 68 81 76 31
0
14 87 53 21 12 83 74 73 94 74 51 72 32 39 11
17 10 92 25 61 19 78 51 45 45 15 85 21 50 86 44 0 11
22 42 49 90 39 42 61 78 5 17 94 30 49 72 22 84 41 27 90 35 87 74 11
24 91 14 15 32 1 39 58 0 58 33 81 3 34 91 66 25 25 69 5 52 40 67 11 48
10 82 27 21 70 8 66 83 5 85 82
7 51 13 61 76 81 85 67
31 85 12 21 81 8 77 88 53 84 82 8 15 34 13 64 24 43 7 42 26 71 64 67 0 0 30 82 69 57 68 81
34 34 55 34 52 10 72 49 49 26 13 61 41 33 58 45 49 75 67 16 62 71 90 56 16 62 10 91 42 34 28 65 46 35 72
5 31 35 51 81 19
