20 16 15
0 15 8 6 11 1 7 14 13 3 17 16 19 5 13 11
14 9 12 11 9 4 16 6 11 19 6 8 1 18 6
12 7 5 9 17 8 0 14 13 10 2 9 3
5 18 3 19 9 6
21 0 15 15 15 19 2 4 14 16 9 6 14 13 10 14 9 16 12 18 5 18
16 11 1 19 6 0 12 5 15 15 14 11 10 13 15 15 14
29 1 13 13 8 8 3 18 0 9 10 13 6 4 6 15 0 17 19 2 14 14 11 17 7 13 6 15 0 8
27 14 10 9 17 14 8 11 14 7 15 4 0 9 13 19 12 12 9 17 3 9 19 7 10 19 4 14
28 16 12 12 14 5 9 8 13 13 0 17 4 16 3 12 4 5 6 5 11 8 0 16 16 3 17 2 8
28 14 7 1 1 3 15 9 6 1 6 0 17 16 13 14 4 10 1 1 2 4 1 9 1 6 12 1 18
19 11 11 18 5 16 18 19 11 12 7 6 6 13 11 15 18 4 18 6
4 18 7 15 16
7 0 3 5 7 18 12 2
29 10 17 3 10 15 19 8 13 10 7 4 13 2 9 18 10 5 18 19 19 5 7 18 6 9 4 9 9 14
20 16 4 1 2 9 5 1 18 14 1 18 9 4 3 3 0 1 16 3 2
24 1 16 17 3 3 0 13 6 8 4 11 11 15 6 4 10 17 12 7 2 4 5 4 2
9 7 18 1 10 12 8 7 4 18
25 17 2 15 6 10 18 1 5 11 11 3 9 8 12 3 0 18 2 9 1 10 6 13 1 18
8 1 3 16 16 8 11 0 15
17 8 0 19 0 13 19 0 2 13 11 17 1 6 4 11 11 2
26 6 6 18 11 9 13 2 17 11 17 10 17 6 6 10 16 16 3 4 10 5 0 7 17 10 17
